1 0
2 0
3 0
4 0
5 0
6 0
7 0
8 0
9 0
10 0
20 0
30 0
40 0
50 0
60 0
70 0
80 0
90 0
100 0
200 0
300 0
400 0
500 0
600 0
700 0
800 0
900 0
1000 0
2000 0
3000 0
4000 0
5000 0
6000 0
7000 0
8000 0
9000 0
10000 0
20000 0
30000 0
40000 0
50000 0
60000 0
70000 0
80000 0
90000 0
100000 0
200000 0
300000 0
400000 0
500000 0
600000 0
700000 0
800000 10000
900000 10000
1000000 10000
2000000 20000
3000000 40000
4000000 50000
5000000 60000
6000000 80000
7000000 90000
8000000 100000
9000000 120000
10000000 130000
20000000 260000
30000000 400000
40000000 530000
50000000 660000
60000000 800000
70000000 930000
80000000 1060000
90000000 1200000
100000000 1330000
