1 0
2 0
3 0
4 0
5 0
6 0
7 0
8 0
9 0
10 0
20 0
30 0
40 0
50 0
60 0
70 0
80 0
90 0
100 0
200 0
300 0
400 0
500 0
600 0
700 0
800 0
900 0
1000 0
2000 10000
3000 10000
4000 20000
5000 20000
6000 30000
7000 30000
8000 40000
9000 40000
10000 50000
20000 100000
30000 150000
40000 200000
50000 250000
60000 310000
70000 360000
80000 410000
90000 460000
100000 520000
200000 1030000
300000 1550000
400000 2070000
500000 2590000
600000 3110000
700000 3630000
800000 4150000
900000 4670000
1000000 5190000
2000000 10380000
3000000 15580000
4000000 20770000
5000000 25960000
6000000 31150000
7000000 36350000
8000000 41540000
9000000 46730000
10000000 51930000
20000000 103860000
30000000 155790000
40000000 207730000
50000000 259660000
60000000 311590000
70000000 363530000
80000000 415470000
90000000 467390000
100000000 519320000
