1 0
2 0
3 0
4 0
5 0
6 0
7 0
8 0
9 0
10 0
20 0
30 0
40 0
50 0
60 0
70 0
80 0
90 0
100 0
200 0
300 0
400 0
500 0
600 0
700 0
800 0
900 0
1000 0
2000 0
3000 0
4000 0
5000 0
6000 0
7000 0
8000 0
9000 0
10000 0
20000 0
30000 0
40000 0
50000 0
60000 0
70000 0
80000 0
90000 0
100000 0
200000 10000
300000 10000
400000 20000
500000 20000
600000 30000
700000 40000
800000 40000
900000 50000
1000000 60000
2000000 110000
3000000 180000
4000000 230000
5000000 290000
6000000 360000
7000000 410000
8000000 480000
9000000 530000
10000000 590000
20000000 1190000
30000000 1790000
40000000 2390000
50000000 2990000
60000000 3590000
70000000 4180000
80000000 4780000
90000000 5380000
100000000 5980000
