1 0
2 0
3 0
4 0
5 0
6 0
7 0
8 0
9 0
10 0
20 0
30 0
40 0
50 0
60 0
70 0
80 0
90 0
100 0
200 0
300 0
400 0
500 0
600 0
700 0
800 0
900 0
1000 0
2000 0
3000 0
4000 0
5000 0
6000 0
7000 0
8000 0
9000 0
10000 0
20000 10000
30000 10000
40000 20000
50000 20000
60000 30000
70000 30000
80000 40000
90000 40000
100000 50000
200000 100000
300000 150000
400000 210000
500000 260000
600000 310000
700000 360000
800000 420000
900000 470000
1000000 520000
2000000 1050000
3000000 1570000
4000000 2100000
5000000 2630000
6000000 3150000
7000000 3680000
8000000 4210000
9000000 4730000
10000000 5260000
20000000 10530000
30000000 15790000
40000000 21050000
50000000 26320000
60000000 31580000
70000000 36850000
80000000 42110000
90000000 47380000
100000000 52640000
